













































INTEIRO
1
2
4
3
5
3
6
7
8

LONG
1
2
4
3
5
3
6
7
8

FLOAT
1.0
2.0
4.0
3.0
5.0
3.0
6.0
7.0
8.0

DOUBLE
1.0
2.0
4.0
3.0
5.0
3.0
6.0
7.0
8.0

SHORT
1
2
4
3
5
3
6
7
8




5
menor que 10

233.11
-36.63000000000001
13249.6288
0.7284051308667605
-98.24
36.63000000000001

100.6
100
100

5.4
3.5
8.9
1.9000000000000004
1.542857142857143
18.900000000000002
1.9000000000000004
1.0
1.0
1.0
5.0
5.4

2.0
1.0
0

Serie De Fibonacci: 
1
1
2
3
5
8
13
21
34
55
89
144

120.7
80.100006
2038.12
4.945813
-100.4
19.200005

42.42
100.5999984741211
100
100

3.14
6.28
9.42
-3.14
0.5
19.719202
1.0
1.0
1.0
3.14

1342512.1
0.0
0.0
-1.0
-1.0
diferente

0
1
2
3
4
5

5
6
7
8
9


3.597739657143682

Hello World!

Hello, World

Hello World!

130
70
3000
3
-100
10
4
400
25
-25
1073741823

254.0
254.0
254
þ
-2
254
-254.0
-254.0
-254
＂
2
-254

5
3
8
2
1
15
2
2
1
1
5
5

2
0

120
80
2000
5
-100
0
4
400
25
1073741823

-268435457
-1
-2.68435456E8
-268435457
268435457
-1
2.68435456E8
268435457

5
8
2
1
15
2
6
8
5
5
5

30
1000000
0
1

0
1
1
0
1
0
0



5
65.7
-400000000


Hello, World!!!
Segunda funcao
Primeira funcao

OLAR, TESTANDO PRINT

10
11
12
13
14


Magic Number

120
80
2000
5
-100
0
4
400
25

255
255.0
255.0
255
255
255.0
255.0
255

5
3
8
2
1
15
2
1
1
1
5
5

30
100
0
1


10
15
25
7
foo


INTEIRO
1
2
4
3
5
3
6
7
8

LONG
1
2
4
3
5
3
6
7
8

FLOAT
1.0
2.0
4.0
3.0
5.0
3.0
6.0
7.0
8.0

DOUBLE
1.0
2.0
4.0
3.0
5.0
3.0
6.0
7.0
8.0

SHORT
1
2
4
3
5
3
6
7
8




5
menor que 10

233.11
-36.63000000000001
13249.6288
0.7284051308667605
-98.24
36.63000000000001

100.6
100
100

5.4
3.5
8.9
1.9000000000000004
1.542857142857143
18.900000000000002
1.9000000000000004
1.0
1.0
1.0
5.0
5.4

2.0
1.0
0

Serie De Fibonacci: 
1
1
2
3
5
8
13
21
34
55
89
144

120.7
80.100006
2038.12
4.945813
-100.4
19.200005

42.42
100.5999984741211
100
100

3.14
6.28
9.42
-3.14
0.5
19.719202
1.0
1.0
1.0
3.14

1342512.1
0.0
0.0
-1.0
-1.0
diferente

0
1
2
3
4
5

5
6
7
8
9


3.597739657143682

Hello World!

Hello, World

Hello World!

130
70
3000
3
-100
10
4
400
25
-25
1073741823

254.0
254.0
254
þ
-2
254
-254.0
-254.0
-254
＂
2
-254

5
3
8
2
1
15
2
2
1
1
5
5

2
0

120
80
2000
5
-100
0
4
400
25
1073741823

-268435457
-1
-2.68435456E8
-268435457
268435457
-1
2.68435456E8
268435457

5
8
2
1
15
2
6
8
5
5
5

30
1000000
0
1

0
1
1
0
1
0
0



5
65.7
-400000000


Hello, World!!!
Segunda funcao
Primeira funcao

OLAR, TESTANDO PRINT

10
11
12
13
14


Magic Number

120
80
2000
5
-100
0
4
400
25

255
255.0
255.0
255
255
255.0
255.0
255

5
3
8
2
1
15
2
1
1
1
5
5

30
100
0
1


10
15
25
7
foo

